

21 58 44 00 80 10 00 DB 3D 
(78 ms)
21 58 44 00 80 10 12 10 05 23 11 49 57 33 4B 1C 33 00 00 00 00 FD FF 00 00 DF 71 


21 58 44 00 80 10 00 DB 3D 
(31 ms)
21 58 44 00 80 10 12 10 05 23 11 49 59 21 D9 09 34 00 00 00 00 FD FF 00 00 30 C8 


21 58 44 00 80 10 00 DB 3D 
(78 ms)
21 58 44 00 80 10 12 10 05 23 11 49 59 0F 67 F7 34 00 00 00 00 FD FF 00 00 5E BC 
                     -------- -------- ----------- ----- ----- ----- -----
                     2010-5-23 11-49-59 


21 58 44 00 80 10 00 DB 3D 
(47 ms)
21 58 44 00 80 10 12 10 05 23 11 50 00 FD F4 E4 35 00 00 00 00 FD FF 00 00 2F 76 





21 58 44 00 80 10 00 DB 3D 
(78 ms)
21 58 44 00 80 10 12 10 05 23 12 00 06 96 79 6A BE 05 10 00 00 12 00 00 00 63 25 
                     ----------------- ----------- ----------- ----- -----
                                                   A  B  C  D
                                                   0xDCBA
4E 7A 6A BE
3194649166





21 58 44 00 80 10 00 DB 3D 
(31 ms)
21 58 44 00 80 10 12 10 05 23 12 05 13 3A 9F 47 2F 79 15 00 00 12 00 00 00 ED 58 
                                       ----------- ----------- ----- -----
                                       7932 2297.0 549.7       0.18  0.0
                                         dot1      dot1        dot2  dot2

21 58 44 00 80 10 00 DB 3D 
(78 ms)
21 58 44 00 80 10 12 10 05 23 12 05 16 40 9F 47 2F 79 15 00 00 13 00 00 00 B9 C6 
21 58 44 00 80 10 00 DB 3D 
(78 ms)
21 58 44 00 80 10 12 10 05 23 12 05 17 41 9F 47 2F 79 15 00 00 13 00 00 00 46 84 
21 58 44 00 80 10 00 DB 3D 
(63 ms)
21 58 44 00 80 10 12 10 05 23 12 05 18 41 9F 47 2F 79 15 00 00 13 00 00 00 52 8B 
21 58 44 00 80 10 00 DB 3D 
(62 ms)
21 58 44 00 80 10 12 10 05 23 12 05 18 43 9F 47 2F 79 15 00 00 12 00 00 00 AA B0 
21 58 44 00 80 10 00 DB 3D 
(62 ms)
21 58 44 00 80 10 12 10 05 23 12 05 19 43 9F 47 2F 79 15 00 00 12 00 00 00 A8 31 
