21 58 44 00 80 11 00 DA AD 
(47 ms)
21 58 44 00 80 11 22 04 00 01 04 00 00 64 00 00 00 00 00 00 00 00 00 00 00 90 01 88 13 19 00 2C 01 E8 03 00 00 00 00 00 00 77 3B 
21 58 44 00 80 11 00 DA AD 
(15 ms)
21 58 44 00 80 11 22 04 00 01 04 00 00 64 00 00 00 00 00 00 00 00 00 00 00 90 01 88 13 19 00 2C 01 E8 03 00 00 00 00 00 00 77 3B 
21 58 44 00 80 11 00 DA AD 
(62 ms)
21 58 44 00 80 11 22 04 00 01 04 00 00 64 00 00 00 00 00 00 00 00 00 00 00 90 01 88 13 19 00 2C 01 E8 03 00 00 00 00 00 00 77 3B 
21 58 44 00 80 11 00 DA AD 
(78 ms)
21 58 44 00 80 11 22 04 00 01 04 00 00 64 00 00 00 00 00 00 00 00 00 00 00 90 01 88 13 19 00 2C 01 E8 03 00 00 00 00 00 00 77 3B 
21 58 44 00 80 11 00 DA AD 
(78 ms)
21 58 44 00 80 11 22 04 00 01 04 00 00 64 00 00 00 00 00 00 00 00 00 00 00 90 01 88 13 19 00 2C 01 E8 03 00 00 00 00 00 00 77 3B 
21 58 44 00 80 11 00 DA AD 
(32 ms)
21 58 44 00 80 11 22 04 00 01 04 00 00 64 00 00 00 00 00 00 00 00 00 00 00 90 01 88 13 19 00 2C 01 E8 03 00 00 00 00 00 00 77 3B 






21 58 44 00 80 11 00 DA AD 
(79 ms)
21 58 44 00 80 11 22 04 00 01 04 90 01 64 00 00 00 00 00 00 00 00 00 00 00 90 01 A0 0F 19 00 2C 01 E8 03 00 00 00 00 00 00 4C 4E 
21 58 44 00 80 11 00 DA AD 
(47 ms)
21 58 44 00 80 11 22 04 00 01 04 90 01 64 00 00 00 00 00 00 00 00 00 00 00 90 01 A0 0F 19 00 2C 01 E8 03 00 00 00 00 00 00 4C 4E 
21 58 44 00 80 11 00 DA AD 
(47 ms)
21 58 44 00 80 11 22 04 00 01 04 90 01 64 00 00 00 00 00 00 00 00 00 00 00 90 01 A0 0F 19 00 2C 01 E8 03 00 00 00 00 00 00 4C 4E 
21 58 44 00 80 11 00 DA AD 
(31 ms)
21 58 44 00 80 11 22 04 00 01 04 90 01 64 00 00 00 00 00 00 00 00 00 00 00 90 01 A0 0F 19 00 2C 01 E8 03 00 00 00 00 00 00 4C 4E 
